Iter Vrad Vrot Dist Av EEP initial_[Fe/H] initial_[a/Fe] initial_Mass pc_0 pc_1 pc_2 pc_3 Inst_R Teff log(g) log(R) [Fe/H] [a/Fe] log(Age) Mass log(L) Agewgt log(lk) log(vol) log(wt) h nc log(z) delta(log(z))
0 7.143630208719223 7.355333911903703 96.58830354505685 0.3164410078553747 786.3800247893452 -3.6902057986691137 -0.0816038488388105 1.1959900127839391 1.038160382630572 -0.20209092940585524 0.06682491879783814 0.017950161286703313 20000.0 4851.987947268797 1.4520555888195246 1.529538260386852 -3.686193775170893 -0.0753172036496804 9.509277722481094 1.1837822545949719 2.7562377013612234 1.2840364831833305e-06 -10992345.242807183 -0.009950330853168092 -10992350.551074881 5.305072078481317 2 -10992350.551074881 1e+300 
1 -10.345117949090426 1.4390765334747457 54.82596400441755 0.3710227203172551 753.173499337186 -3.224064587952463 0.06618532258084214 1.0432309142983485 1.1704551921519566 0.19305481309446304 0.028266333629259732 0.02917408904982667 20000.0 5029.036245332014 1.7940386040305314 1.3272069613230153 -3.2254713211149655 0.07221442339795997 9.695351630567169 1.024756527342878 2.4138353124797747 1.6945543903660908e-06 -6832965.144087775 -0.019900661706336184 -6832970.462305803 5.318775061517954 1 -6832970.462305803 10990065.622318616 
2 13.047583819210388 3.6122248324098107 9.788068052399122 0.3081254181951923 361.41345373956153 -0.23080943880313498 -0.1879348013299792 0.9790408959397523 1.8295591755049556 0.00506921092433138 0.045130648154361366 -0.02093947081803888 20000.0 6246.924292823282 4.397287875747651 0.015588157462855468 -0.33139552001947004 -0.16799945212791376 9.628168022648214 0.9788440189449283 0.16732361287781358 0.000579965627315213 -3226744.6419515833 -0.029850992559504276 -3226749.9701199424 5.328129943925887 1 -3226749.9701199424 6830685.523599207 
3 15.772841998573575 6.32650174475005 80.73476731388031 0.0381676660768695 636.6276584903605 -3.7676242643619613 0.3183267294657722 0.8388743294357662 1.410585925098394 0.11437709419775122 -0.0018122616611891823 -0.01959748884751799 20000.0 6308.257930888122 2.64770335432297 0.8509766893295667 -3.7873523121697312 0.32591832843007423 10.006538173852094 0.816437668144464 1.8550734752445694 1.1086210187195486e-10 -2948591.2155367513 -0.03980132341267237 -2948596.5536554414 5.3378081121481955 1 -2948596.5536554414 3224465.021463016 
4 -18.28834570084838 2.7690562264510943 24.903003493215675 0.042161950115064295 713.8986684078292 -0.7577954919349401 -0.024615957184459802 0.8390712734891429 1.7900520505615218 -0.16663150080733505 0.0694846128684593 0.017651040036011055 20000.0 4844.721758146307 1.9141991448345803 1.212134882169837 -0.7669536206454028 -0.01783396658659135 10.100264012302725 0.7956769754399046 2.118827450317669 7.463640064102169e-08 -1484857.190958293 -0.04975165426584046 -1484862.5390273137 5.348119614645839 1 -1484862.5390273137 2946311.595048184 
5 -1.8306047407214656 4.695072474668226 81.3546483378021 0.015114591763089602 539.4771693741495 -0.3142624223399797 0.2006566542107741 1.0263193955317305 1.0711097169579418 0.04031839436197904 0.0463504921561278 0.029736553842096003 20000.0 4387.614966463135 2.0213094511598406 1.2132503217230315 -0.31098657331092494 0.20673035618249874 9.942686457629737 1.023342109443944 1.9488970074301983 1.1796258623910348e-05 -1317596.58557889 -0.05970198511900855 -1317601.9435982418 5.357941147638485 1 -1317601.9435982418 1482577.5704697256 
6 8.246063592513778 5.463755418846132 27.419285855585127 0.4136669316779296 724.2598973815356 -3.6104373350673256 -0.09614952708717368 0.9888884323611724 1.5917966396277086 0.21065834413358375 0.04595356613643782 -0.01622763941432687 20000.0 5338.358337892596 2.180059594760694 1.1222694201796408 -3.616742726665401 -0.09009596088486352 9.771491086995646 0.970048563281491 2.1076520574339423 4.1106647801566076e-07 -1110635.3802321346 -0.06965231597217664 -1110640.748201817 5.368058589287102 1 -1110640.748201817 1315316.9650903228 
7 -20.555285350675845 2.1312452663702186 46.02240829926038 0.4128663664316345 638.7019097165528 -0.8774407195078417 0.11781128299236293 1.0686212130456985 1.30931524324484 -0.037819887443936634 0.012573737590076739 -0.0017516837488697617 20000.0 5144.60724855362 2.4389999781561347 1.007807906194245 -0.871518666137207 0.12400420540056173 9.729330923070194 1.0393383074962477 1.8145070406804584 1.463743059067018e-10 -862104.193617452 -0.07960264682534474 -862109.5715374654 5.3779084825655445 3 -862109.5715374654 1108355.7597435673 
8 8.860834499877186 8.973680800025715 17.897621238163943 0.08097464773728674 556.242677087698 -1.1857582917036544 0.3864398803940869 1.1319795050758203 1.2939159419359452 -0.17583431034285044 0.04856441368478548 0.01909103562459602 20000.0 4528.34281728765 1.727134754910259 1.3813793989887344 -1.1780395148957816 0.3927554043376608 9.624018437117735 1.127445697967938 2.3399983154790998 1.187708427269548e-05 -854743.1553953087 -0.08955297767851284 -854748.543265653 5.3878785613924265 3 -854748.543265653 859824.5731288848 
9 -21.62153920576499 0.5629433534117145 77.70887505269611 0.19564639147168605 524.2708366981119 -0.8248344351828525 0.5174531101079023 1.0629622082416614 1.928077430412578 0.12141780824709453 0.017442820493859118 -0.01482120731327837 20000.0 4596.68233937394 2.416052315991 1.0237753653833566 -0.8189789303752137 0.5236268994286601 9.80402386330232 1.060878278176464 1.6508110267249465 3.636731424868951e-05 -704397.9808182765 -0.09950330853168093 -704403.3786389516 5.397843640181236 2 -704403.3786389516 852463.5349067415 
10 13.833275516099512 0.9812090929922224 87.32402612446741 0.005828076679044503 422.1995789473153 -2.975412024186493 0.5940236390587466 1.165308872086348 1.6621790867361081 -0.07569696644232321 0.040719254856633635 0.018249827077268507 20000.0 9446.057763047305 4.326358427077631 0.08883902476042772 -3.2213704949699706 0.6418017143892886 9.455152453112978 1.1647459902175816 1.0321627645281464 0.0003934230375945006 -651134.682933444 -0.10945363938484903 -651140.0907044499 5.407807203242555 1 -651140.0907044499 702118.3603297092 
11 7.388566587115193 1.263918061251319 15.041408866691505 0.46522087232306475 608.9954291417787 -3.6092108415979176 0.10733512051192617 0.7666938163529937 0.6695590220333738 -0.029383708147247195 0.02448660326780562 0.004455444121156296 20000.0 5052.029298147106 1.805829807983929 1.2506305367245947 -3.64191577842015 0.11787889074574304 10.140827576893097 0.7403340127754865 2.2686068424925656 1.031350892812905e-08 -186074.6948006756 -0.11940397023801713 -186080.1125220124 5.417719712218968 4 -186080.1125220124 648855.0624448766 
12 -9.154387387343894 7.786627553547474 11.176476829976398 0.009649433284947773 677.0660965340404 -3.0668611993823633 0.07830630546164485 0.7728688343769408 0.6515173740459892 0.04878204771683087 -0.047639036712626925 -0.02725778946889039 20000.0 7967.055669650442 3.0750964856209855 0.6170782293119341 -3.09674528749212 0.08812653757700638 10.130072336996493 0.7441000759608084 1.7928301929211283 4.390852851989741e-06 -179735.48099351383 -0.12935430109118523 -179740.90866518146 5.427674230275443 1 -179740.90866518146 183795.07431210834 
13 -15.794252039881213 6.016905827160167 48.59867703060698 0.21203602272342714 732.9071361559264 -3.193757729631283 -0.1850004582500173 0.8752011041601854 1.836673978785571 0.07239207309709389 -0.009402848881850945 -0.02407332119363611 20000.0 5252.651779013901 2.069649123393219 1.1490965974425074 -3.2081782548940696 -0.17821866152837887 9.947252355783956 0.8514050294918755 2.133189963977277 1.1858794358788371e-06 -177880.67674692368 -0.13930463194435333 -177886.11436892216 5.437623446952784 4 -177886.11436892216 177455.86050494653 
14 6.437048235590336 0.9498338702207965 91.47553734859275 0.34105756648779184 746.9017373920993 -3.971769457631846 0.25234539698117003 0.8590770655769882 0.785467290424491 -0.06596995731946048 -0.06768347994637813 -0.017396063589060925 20000.0 5165.879269456959 1.9316683622899664 1.2143259035268459 -3.9903578962402273 0.2595506577092498 9.975352939303718 0.8366388896310766 2.2347111427974147 8.090628852569307e-07 -175999.883603575 -0.14925496279752143 -176005.33117590434 5.4475726862146985 1 -176005.33117590434 175601.05625835637 
15 3.5904474900774694 2.5922580880473434 82.2624924040663 0.025316902967602084 379.38510719754004 -1.7075769752040246 0.146385973766484 0.8861472687121248 1.296862078952814 0.2246687736244672 0.051073877495690034 -0.02579670824228483 20000.0 6855.0863118792495 4.420701353035533 -0.01778582953886941 -2.0423752768730834 0.22225509787672146 9.696435382160182 0.8858928788529664 0.2619623773342417 0.000599045687277128 -175026.87044485338 -0.15920529365068953 -175032.3279675136 5.457521944976179 2 -175032.3279675136 173720.2631150077 
16 12.999766089077852 5.32431018172826 13.963505460465935 0.3700474769398583 512.9859083438212 -1.2973827961434594 -0.07661655236186116 1.2069604455070888 0.604853639155561 0.08554196899319277 0.03470967177483708 0.017568367948854267 20000.0 5289.435271955867 2.793092282502364 0.8631576155844314 -1.2913209655556783 -0.07024026277209987 9.488053595373392 1.2057332759231563 1.5734347860146265 5.6828417867775076e-05 -173840.91125480636 -0.16915562450385763 -173846.37872779742 5.467471217591083 2 -173846.37872779742 172747.24995628608 
17 -16.188148544932048 4.223604178978476 38.84908392888453 0.26890678622452197 410.91187175762605 -0.18061795086271148 0.12346327282721731 1.1294429062816198 1.8058196030001101 0.21997302592685258 0.05020199244873777 0.025664759460874667 20000.0 6279.416219247373 4.190528088022646 0.14998526099600362 -0.3245485985059571 0.14750455754397057 9.64394492288914 1.1290489175772147 0.44512993069523227 0.0005924221118298004 -171374.5312946925 -0.17910595535702573 -171380.0087180144 5.477425513294293 1 -171380.0087180144 171561.29076623908 
18 18.550670200717747 4.393754140827102 44.818312735055876 0.3306362466022339 499.6833997311338 -1.3688459178197183 0.048134091389099964 1.1670533483571208 0.566634923408335 0.14065141392862424 -0.012590851737806198 -0.02633890754450084 20000.0 5389.0164116888045 3.062536409808745 0.7213354954423711 -1.3719196824481787 0.054241637963061876 9.531883731921631 1.1660184861407694 1.3221913427662846 7.475003084935635e-05 -170551.1311246017 -0.18905628621019382 -170556.61849825445 5.487374790653121 4 -170556.61849825445 169094.9108061252 
19 7.147477615550557 1.84872452709269 12.329422833547383 0.2809751671985213 720.9485903400155 -3.27826572901348 0.4661249611923159 1.0207482236257213 1.7314106145627282 -0.11435043436380679 -0.039761933185074795 0.02375725864280665 20000.0 5275.607353518414 2.1239448550681477 1.1572247808603422 -3.2799175737607533 0.4721603526633624 9.725272759927906 1.0014329334319039 2.15702174855996 5.323209454173993e-07 -169825.5341426444 -0.19900661706336192 -169831.03146662802 5.497324078314705 2 -169831.03146662802 168271.5106360344 
20 7.920555125906532 1.053103148405815 27.701418050763326 0.2867665923238276 350.4599376434418 -1.92496132449847 0.07384666664500933 0.6118208628218282 1.896292528814709 -0.17957843698294051 0.05308690069573138 0.0017899356078711001 20000.0 5388.649553002025 4.689073961722986 -0.22086812801716443 -2.026899762838557 0.1045672751888128 10.086218154326632 0.6117219971600059 -0.5623341670151812 0.002238475775163131 -167363.46958236903 -0.20895694791653002 -167368.9768566835 5.50727338436991 1 -167368.9768566835 167545.9136540771 
21 22.89726656179368 1.353829424239954 66.72909106471315 0.43413206410099553 341.24472280651554 -3.2700371101250347 0.3861950033060197 0.9528436639095321 0.6775992495133394 0.13011913920753132 0.018999941104693524 -0.02760603152938551 20000.0 7232.134052145998 4.526191316654699 -0.054683555030341766 -3.4569942608219373 0.4294593268458472 9.315543993664267 0.9527214891170784 0.28118108688544513 0.002243437574173111 -166018.6486907301 -0.21890727876969812 -166024.16591537543 5.517222707479959 2 -166024.16591537543 165083.84909380172 
22 -4.483836476575249 3.597775556960743 78.59241284275313 0.1173173924139913 630.4419996383107 -1.76049923541402 0.5023024510072647 1.1404874490882744 0.867908631600644 0.1199791686500975 -0.041865450771024715 -0.0004287462335518903 20000.0 5337.6750520978285 2.4375835576088143 1.0244152385962213 -1.7529112150059718 0.5086219919037724 9.575574882914134 1.1182273666825522 1.9117213290947244 3.088144782755424e-06 -165089.6186943643 -0.22885760962286622 -165095.14586934046 5.5271768443635665 6 -165095.14586934046 163739.02820216282 
23 20.09889820759328 7.200289298650629 75.76067095879921 0.3537694813269836 418.2501295156011 -2.2291096798285372 0.022417437140778596 0.9303533275488529 1.9267818538811212 -0.183261309221113 0.002236678574786044 -0.0009215220871763748 20000.0 7497.672882689725 4.255117253753146 0.07551801761075111 -2.6671330151290285 0.12153429759824348 9.76428061404556 0.9298540790081364 0.6042243166653984 0.0004533683985826739 -164309.21300404012 -0.23880794047603432 -164314.75012934714 5.537126161769265 1 -164314.75012934714 162809.998205797 
24 19.643319208378642 5.528250338710969 16.85786715248645 0.19263383980992987 606.967918607359 -2.014454379323803 -0.03282216279096453 0.8262784557781984 0.7140513681792675 0.18280295529106566 -0.051289188000517384 -0.02854575647366409 20000.0 4424.440338443003 0.7611943969380341 1.789006955894491 -2.028377966704324 -0.025635816144098034 10.030509641551257 0.7971769755280309 3.114929611744192 2.254528274718542e-09 -164019.74848244825 -0.24875827132920242 -164025.29555808613 5.547075488138944 4 -164025.29555808613 162029.59251547282 
25 -1.9993312364499403 7.670985417452172 20.060843837443763 0.07163237693729363 770.6715756217261 -1.3488790598605869 0.09061518331782831 1.22960758385156 1.8096999499696118 -0.15188730022840863 0.013402056991762862 0.009294415429415746 20000.0 4690.115019064316 1.49270173884194 1.5134384877454747 -1.3401214504526082 0.09702553405598566 9.490130112423317 1.2072043242869228 2.6650932760323287 1.5109786158442996e-06 -163485.52849196608 -0.2587086021823705 -163491.08551793481 5.557024819747312 3 -163491.08551793481 161740.12799388095 
26 9.359731099864241 2.6061164115358606 49.13135504997774 0.23447286344515833 604.2654875746301 -3.900968680381368 0.344915078352559 1.168150663240507 1.6697107394701922 -0.15383093348379123 0.017984496417108836 0.011994066246242392 20000.0 4846.213982875428 1.226227869337597 1.6373616959728519 -3.8982063930302715 0.35112716089294965 9.530651456432636 1.1565379532917344 2.969816064420818 4.828069978467434e-06 -163070.50652228517 -0.2686589330355386 -163076.07349858477 5.566974156303331 2 -163076.07349858477 161205.90800339877 
27 -15.010133339825272 7.957577923776549 41.42633212809701 0.15058789053881871 666.7586491359148 -2.75577331241039 0.24924475875982693 1.158556023264625 1.5312818436760551 -0.03283186340626748 -0.04027226594605279 0.0177888514506976 20000.0 6588.095553507717 2.7315326735094785 0.8819535710618608 -2.750899994030837 0.25567510478656247 9.54732950759913 1.1418602940758276 1.9924290273600191 2.4851697580879626e-05 -160147.1776242452 -0.2786092638887067 -160152.75455087563 5.576928207301535 3 -160152.75455087563 160790.8860337179 
28 19.321717451274395 0.38875556684782264 42.88911968778888 0.2307125627780407 710.6680334213294 -2.523516149867574 0.5108109692527296 1.0065033651343618 1.1071137099389736 0.13640326881630682 0.00039914040551236596 -0.012804154147087736 20000.0 5221.159259483286 2.135455697086637 1.1473896503250083 -2.522783326678648 0.5168710582351917 9.74582341822996 0.9826214181095656 2.119329390022523 1.6318955489014983e-07 -159200.46142082792 -0.2885595947418748 -159206.0482977892 5.586877555295359 1 -159206.0482977892 157867.5571356779 
29 21.767044675676694 6.365269803091475 90.81631482602388 0.13356669532317927 458.45428784305057 -3.9600353244975626 0.2242888125352021 1.1672500485658266 0.9959132551778227 -0.09334254949943549 0.024227154989360344 0.0065972587498931146 20000.0 8845.457179093466 3.8633104410888226 0.3206591932718535 -4.200574657728286 0.27159142944561376 9.51470359965352 1.1663500707198842 1.3816818513049207 5.3371860975350104e-05 -158022.81795114477 -0.2985099255950429 -158028.4147784369 5.596826915454585 1 -158028.4147784369 156920.84093226062 
30 -3.2744812985338996 6.127570842882985 51.16700854773482 0.23424487499066404 783.1446386712139 -1.314456806585147 0.034398678611178124 0.8017319841248625 1.039624734553039 -0.1062828211005214 0.016816680583664076 0.024868301916200992 20000.0 4539.726090915068 1.2026183387514182 1.5587453625369543 -1.3293760597632733 0.04178663289621652 10.106101092058443 0.7625239827892113 2.6990916523259183 3.509229694239012e-07 -157800.59064791907 -0.308460256448211 -157806.19742554208 5.606776281871134 3 -157806.19742554208 155743.19746257746 
31 5.6304394698094065 8.689593134227858 36.11342875772144 0.12807798086456817 712.3830468707027 -1.9699194005512202 0.2555764615131301 0.9985390498107871 1.4728875761984621 0.1430815425758457 -0.005093259539763723 -0.028388382127982854 20000.0 5149.000063426641 2.073446109301571 1.176194661437066 -1.9686227942438224 0.2616466873225012 9.761380130220903 0.972617215171703 2.1527632386767976 1.649628715918973e-07 -157772.01989701155 -0.3184105873013791 -157777.63662496538 5.616730116104009 2 -157777.63662496538 155520.9701593518 
32 -8.036565447965181 9.224944884191155 21.32947399077782 0.039623181452645706 436.37975666199304 -3.3040285792907462 0.2972572354750317 0.9330388453058661 0.7128646292642292 0.0674118866376317 0.029361369139737956 -0.007848090291273806 20000.0 7753.289367267961 4.077507244589145 0.1649022535265468 -3.7613167446340796 0.40961709693601767 9.811751578001717 0.9323178867445636 0.8412308059668252 0.00023572054276686596 -154138.98208310912 -0.3283609181545472 -154144.6087613938 5.626679575711023 1 -154144.6087613938 155492.39940844424 
33 -4.698769694915487 9.433150803165795 63.65723445129159 0.4083869662965094 618.1903897634718 -1.7414700788229291 -0.1513898942679462 0.8099515000581443 1.284999041927826 0.21877571474190338 -0.07349717101155129 -0.0294635535216302 20000.0 4870.2631082963 1.605828703970642 1.3617377595765832 -1.7567233012118506 -0.14395636055252176 10.063497246782958 0.7790477155617604 2.4271675419439354 1.310934506785056e-07 -153003.37645073675 -0.3383112490077153 -153009.0130793523 5.636628961394308 1 -153009.0130793523 151859.3615945418 
34 15.225002287603296 7.522822565316093 98.5288218943332 0.019527901742075582 510.50609575685223 -3.9160560413836007 0.33449413281238466 0.9668974133576691 1.544015274046392 0.005251476135068711 0.044230675281894255 -0.02590185449366367 20000.0 5387.637398621547 2.7253352191676408 0.8486571696726392 -3.92885266604981 0.34077404510982867 9.792084645995917 0.9653876529242698 1.5763901021887854 2.861585018709171e-05 -151282.60671111158 -0.3482615798608834 -151288.253290058 5.646578363259323 2 -151288.253290058 150723.75596216944 
35 -24.97100908948316 3.222835739337906 18.870543357529552 0.07982802560336144 363.68652792116995 -3.2354466764049117 0.0953152084927898 1.1537565971522772 1.9864235466896074 0.06428610065350282 -0.009496205057602888 0.026390682287966406 20000.0 8875.925496401871 4.491144755475268 0.00436469848581885 -3.416738084479549 0.13152966341964648 9.283607588116759 1.1534863756093348 0.7550663166760947 0.0006049447592784676 -150441.63896948146 -0.3582119107140515 -150447.29549875873 5.6565277775225695 1 -150447.29549875873 149002.98622254428 
36 -16.74832594408222 5.810678107815366 35.38813511587559 0.318865916243662 290.24817367630214 -2.0571407534885773 0.18795807186631047 0.5863128721115355 1.6829094739807826 0.11060391199090308 0.03410034865106014 0.016615185328196294 20000.0 4884.053641424985 4.7832667202834145 -0.26026367804777445 -2.0689028477086677 0.19710076473424268 9.192521307892463 0.586303822665767 -0.8119233284279009 0.0021706249508600096 -149722.3450221588 -0.3681622415672196 -149728.01150176692 5.6664815574768 3 -149728.01150176692 148162.01848091418 
37 -10.931698698430225 8.93088959321255 78.82658575166286 0.28121367766581523 644.5320759697156 -1.1281146787642795 -0.04613432465950859 1.1938419544163366 1.9755911129922792 -0.20456091333211926 -0.0009750061931132759 -0.007614227254038694 20000.0 5331.8487260947495 2.4990536356045765 1.0040553235867908 -1.1196153466555088 -0.0397413626199138 9.527580955020966 1.1728255224324022 1.8691042511483875 3.608892763963677e-10 -149631.7675648731 -0.3781125724203877 -149637.44399481206 5.6764309721475 1 -149637.44399481206 147442.7245335915 
38 12.630124732774348 1.4238349485893242 42.12392216065669 0.38787529945086296 640.9891435633755 -0.6845496809594729 0.5815554877934981 0.9126605090857182 1.9525927910707426 0.016819082348458136 0.048458633121374634 0.014996690327331384 20000.0 4626.872454053874 2.2776368833743943 1.0471644649356422 -0.6876373146883552 0.5877196098896471 10.102258127862083 0.8593374196418402 1.7089613679856568 7.392761393031736e-11 -148924.6453343494 -0.3880629032735558 -148930.3317146192 5.686380387400277 1 -148930.3317146192 147352.1470763058 
39 12.954297548228318 0.679316785003784 51.46541885929191 0.17900781610773248 430.6548880171975 -3.2657522377201498 0.23825200540462055 1.002929605028092 1.7216545672068444 -0.04608159057050551 0.04718286927057193 -0.004330770654807765 20000.0 8366.66273171517 4.179917266005992 0.12946160351045788 -3.6317054724730715 0.3145462910522793 9.695851430909448 1.0022592686364926 0.9026145841437353 0.00031120402679139374 -148730.57791565233 -0.3980132341267239 -148736.27424625302 5.696329808735754 1 -148736.27424625302 146645.02484578209 
40 -0.5538864551093248 3.6760190235559786 66.86072268218369 0.39935233395156805 670.4319076343319 -0.03690720041252371 0.138388080768806 1.1299678567246223 0.7900904320842294 0.027044563314144787 0.07346054282277822 -0.004239551132147586 20000.0 4637.190848100708 2.317776744340425 1.0787826884885297 -0.031205630214436387 0.1446868179719455 9.879568389936427 1.0901416164735864 1.7760675843739397 1.6797904957244688e-05 -148200.60225462544 -0.407963564979892 -148206.30853555698 5.706279236153932 4 -148206.30853555698 146450.95742708503 
41 -18.35758712420725 7.394813283121163 71.3683896112718 0.003617395188145134 496.63053775060376 -2.883485152775513 0.18855746883812152 1.1527716289590695 0.6573379787179675 -0.042930212163996034 0.05875242792863297 0.015243669731620176 20000.0 5942.569922573561 3.1698748288921688 0.6646891072187275 -2.9192141300912224 0.19882937887640775 9.531717206079914 1.1518199693389863 1.378757743559965 3.1864923740629234e-05 -148180.84143959093 -0.4179138958330601 -148186.55767085069 5.716233664948959 3 -148186.55767084804 145920.98176605816 
42 23.68306825488095 1.6273838746624247 15.665746825286027 0.19848790513986897 600.9608818862439 -2.783106804651955 -0.15286332627066956 1.030555246189284 1.9331885637148827 0.024788811176086417 -0.06781958389126924 0.00406530561853391 20000.0 4584.134341331161 0.9820820738516013 1.730981678404186 -2.7836394291631863 -0.14681037250083956 9.704998280900329 1.0145865242522598 3.0604750297264047 2.8106090805049355e-06 -148080.25944415058 -0.4278642266862282 -148085.9856257438 5.726182397862431 1 -148085.9856257438 145901.22095101836 
43 -9.547926956458852 9.281270097974323 87.86676557401901 0.07776543301142497 711.3100708722332 -3.406275005187032 0.1441060453697593 0.7679525161940067 1.2760725684951715 -0.07963322562348105 0.05246077865920215 0.02698015083318505 20000.0 5877.435667058258 2.3912744320469854 0.9577606499608448 -3.4386199006733897 0.1544162961131014 10.140362902825423 0.7398588625276106 1.9457551635930206 4.393288984243241e-08 -146821.4163425088 -0.4378145575393963 -146827.1524744329 5.736131824203767 5 -146827.1524744329 145800.63895558327 
44 12.625225663739997 2.713569801626271 29.918722839637418 0.32384339157685743 627.5020126658268 -1.6803766768657429 0.18375951604689833 1.2303808401688074 1.5764995186613138 0.21684078446406768 0.04509151823155884 0.01867950924247557 20000.0 5460.884022331955 2.5220084659402158 0.999813650007649 -1.6713254670799946 0.19017410105475344 9.463026153124204 1.2127603181334787 1.902161439645834 2.58672638407177e-06 -144167.9003545678 -0.4477648883925644 -144173.64643682275 5.746081275254255 4 -144173.64643682275 144541.7958539415 
45 -21.691493320620925 0.06246274916962724 34.276466323453086 0.33658190818288475 422.5386450406734 -2.176642289266852 0.19922485037935483 1.2212250900954853 1.7699587897981095 -0.0037612512285846444 -0.044868736224622646 0.009125143104959113 20000.0 9545.223719856654 4.327951713951073 0.09822581084262108 -2.362279230329626 0.23497035891122006 9.383955950238136 1.2206822961777704 1.069078395952521 0.00036990509499682645 -143916.98144607613 -0.4577152192457325 -143922.73747866193 5.756030727759935 2 -143922.73747866193 141888.2798660005 
46 -8.613695953099842 8.387562440530537 22.871190324240636 0.48832648474185 740.7181713292312 -2.6613307860737065 -0.01823565041580455 1.106956492231843 0.9419581159404183 -0.11574623036920059 0.03665062529183159 0.00676399715088033 20000.0 5103.7073109613475 1.936009392704098 1.2693902177848915 -2.657952313336894 -0.012076643664870358 9.612004951812452 1.088788135178226 2.3238058041382708 2.060868936144e-06 -143753.4645299704 -0.4676655500989006 -143759.23051288704 5.765984365425538 2 -143759.23051288704 141637.36095750885 
47 13.549095773367 7.089021788432104 62.87434467759664 0.42002806931455683 615.589305733091 -1.6166196471165626 0.33118806460055344 0.8334674902891612 1.7762489005977375 0.02338840473683923 -0.020146300712432647 0.011166639185842757 20000.0 5096.688030375445 2.222655635779879 1.0586469883229155 -1.6269703960015294 0.3380938045692288 10.03864767367223 0.7984236450108333 1.8999285082284545 3.788293020102873e-08 -143640.94873526765 -0.4776158809520687 -143646.72466851515 5.77593381688348 2 -143646.72466851515 141473.8440414031 
48 -9.01216077577614 8.828596369164302 20.032231579638143 0.44981756620572405 328.79611743077965 -0.7168279051365198 0.36016476386366264 1.1361004549377185 1.477978892111694 -0.09524113638384504 -0.03387225602748791 0.00462387227125851 20000.0 6818.2003556585105 4.381957591605963 0.05561348229640543 -0.7987501029943345 0.37720990613939914 9.0163639758672 1.1360062847100336 0.3993883277063539 0.0021206760152966925 -143623.28953553282 -0.4875662118052368 -143629.07541908976 5.785882683703676 2 -143629.07541906813 141361.32824670034 
49 17.0669398768097 7.52330164154451 25.87806644219316 0.2960535629467613 661.5857311176903 -0.6871382981884433 0.33905461962470845 1.135772644157858 0.9438126229442769 0.001720234380104546 -0.03320522001681365 0.014806969881489301 20000.0 4878.59703172234 2.40170939065959 1.0393414965443457 -0.6796652708815509 0.3453736999689015 9.70825331751682 1.1027978078844913 1.7853451090277561 1.9733559808411333e-05 -143116.58184251672 -0.4975165426584049 -143122.37767642594 5.795832726173103 3 -143122.37767642594 141343.66904692247 
50 -4.319200541040956 5.902871124747271 47.90244656750694 0.4850460277062918 330.5093914106802 -0.8471416247247383 0.2834969827758608 1.1468997380634143 0.5786527578137214 -0.14870017026699817 0.0030131670445725234 -0.003376980989454336 20000.0 7119.864563783052 4.388006630525056 0.0546711209486291 -0.934865419681325 0.30160233965870376 9.018519416056815 1.1467906579293172 0.4727114987298222 0.0021202493403357984 -143012.89513184965 -0.5074668735115729 -143018.70091608973 5.805782183364499 2 -143018.70091608973 140836.96135394945 
51 -7.9188112774019395 8.924206016473729 15.913346254372538 0.44714167782965447 371.9250159985462 -3.327279467663531 0.05110134545915501 1.1697427719443678 1.720624077704937 -0.02542862811588123 -0.00036511738735797716 -0.010691805967187443 20000.0 9077.741267724154 4.482794576274015 0.011489422848180605 -3.515292244299612 0.08823660131996888 9.297291534733706 1.1694411178320843 0.8083723743668778 0.0005944828585817047 -142833.39261609156 -0.517417204364741 -142839.20835066246 5.8157358004536945 3 -142839.20835066246 140733.27464328238 
52 -20.59824392257915 5.33201176574447 9.084576491382606 0.38058716580095164 264.4468135015986 -0.406579947462379 0.22395279331416423 0.561416621652145 1.8071358347585171 0.006988542076510451 -0.03293093630437867 0.02119200589335659 20000.0 3836.751826881555 4.726956428534907 -0.22788595231893158 -0.4134937057402028 0.23181392292226896 9.072608087624118 0.5614127494175192 -1.1664347432222009 0.0021559573461467528 -142637.8566658828 -0.5273675352179091 -142643.68235078457 5.825685257354053 3 -142643.68235078457 140553.77212752425 
53 -17.81558035211006 1.9818574214530083 22.38946049597061 0.30704381645177437 491.3729421204466 -2.2184910213830635 0.20696233491568478 1.005453140322762 0.707161187341967 0.0901315773354579 -0.00799287583791361 0.00950348517722166 20000.0 5526.1596173442185 3.15661700233563 0.6418647440286696 -2.2379086337999263 0.2139858918776166 9.728918606541725 1.0044295229100533 1.2069055147673358 5.290289848649879e-05 -142214.44577423463 -0.5373178660710772 -142220.28140946725 5.835634717543144 9 -142220.28140946725 140358.2361773155 
54 1.169244922961333 2.5742368342300734 46.766961923460286 0.002201517630883887 575.8247001236056 -1.9197835652792126 0.37830018058558507 1.0629747505991844 1.6192247146482583 -0.04960850106486134 -0.019280246973930354 -0.0246559762494307 20000.0 4602.4179804471805 1.373341460115372 1.5438556613550571 -1.9150907755583404 0.3844612144563423 9.66714140035856 1.0550083172308213 2.6931378805891604 5.6567899922775125e-06 -142173.63816760253 -0.5472681969242453 -142179.48375316602 5.845584179129219 2 -142179.48375316602 139934.82528566732 
55 7.23494177605145 2.6653051404188854 25.024785926228926 0.2233138295022215 801.1172875861189 -2.2735277804743776 -0.16012712550336536 0.8208050444972682 1.7560023238253604 0.11781136841777778 0.06375981425300217 0.008185882453526146 20000.0 4640.826860874729 1.081274966362935 1.627170927400457 -2.2902339842548303 -0.15272096800079704 10.042220645420448 0.7905979452313648 2.8742056464622436 2.205216948032066e-07 -142169.27700726557 -0.5572185277774134 -142175.11986035868 5.721120315050939 1 -142175.10721194762 139894.01767903526 
56 17.4334509237135 2.310758784372149 51.915286748970196 0.38673864714144746 708.8903394612948 -2.4576977189454032 0.13623798757870142 1.0146526648331482 0.5734947241771988 -0.04251491940235899 -0.04368641110215708 -0.023836612246528607 20000.0 5280.263810213704 2.178478096310104 1.1280164329543112 -2.4574416493683517 0.14229410930830605 9.733915241723652 0.9924632842471341 2.1001376774249456 1.8598923579917412e-07 -140865.71013712336 -0.5671688586305815 -140871.57562334853 5.8654872305633035 4 -140871.57562334853 139889.631187486 
57 -11.60742894853321 5.719208532096795 48.229497242198455 0.30279059010393883 568.4616935060062 -3.2584028761203796 -0.08482849433798174 0.9674773290522387 1.6089144609496122 0.036615693332893884 -0.05579373294743246 -0.021279732947733852 20000.0 4889.5861130727635 1.628198073495024 1.3960389633659733 -3.26444085722194 -0.07872881456155817 9.796033307647702 0.9605439050932341 2.5026486503081027 5.5824056352218645e-06 -140403.6573499115 -0.5771191894837496 -140409.53278646752 5.875436699570855 1 -140409.53278646752 138586.08964855605 
58 15.332933183739698 8.379811892255798 22.22651165651974 0.4615385502492968 653.4356446224879 -3.1309049490286385 0.5475099401317081 1.101380801382832 1.496141369047447 0.04528099824450671 -0.05574018391009916 -0.00834474676726438 20000.0 7337.921535868486 2.9892384600132242 0.7419684783694225 -3.1278349221237316 0.5536865301465222 9.61075968931902 1.0846731159191296 1.8997115380314131 3.12401957374477e-05 -140040.23510916176 -0.5870695203369177 -140046.12049604865 5.885386173700681 1 -140046.12049604865 138124.03686134418 
59 5.017585155730213 6.557003591742427 39.26764323845784 0.0051307764478404905 560.0495294882649 -1.533922919551518 -0.1204844724445528 0.9888829964419162 1.030725901936358 -0.061339363301673944 0.05099228106932946 0.02533827415292174 20000.0 4828.807542252681 1.7061779325693331 1.3621822267265273 -1.5326250797681775 -0.11440029901853031 9.77335642176104 0.9834368247048495 2.413206366279818 7.172537510685483e-06 -138678.13530902416 -0.5970198511900858 -138684.0306462419 5.895335663575679 1 -138684.0306462419 137760.61462059445 
60 9.151882335103032 0.22788022323239954 66.41165968150625 0.23190063501364444 644.102757179505 -3.583733484800467 0.5471286181219122 1.0415967731307774 0.8430828752273274 -0.11816688244473877 0.03784033421515463 -0.024703214768923107 20000.0 6874.504570121192 2.8479610762156016 0.8002794934884148 -3.584884631233058 0.5531695425072612 9.69047397292249 1.0249651447843873 1.9030069341372184 1.6741712160985518e-07 -138100.62643845117 -0.6069701820432539 -138106.53172599975 5.905289175658254 1 -138106.53172599975 136398.51482045688 
61 -20.737562171655433 0.5033851968451852 47.943090510931654 0.19202308237943805 687.89939012422 -0.7967276752750942 0.09475204948369137 1.1166730308707904 1.1072591532509324 -0.179374058703294 0.016533901113287522 0.020801512241519896 20000.0 5044.698994478692 2.2873484620873463 1.0931581300567466 -0.789580406233934 0.10103658846180295 9.68290089476028 1.085986596220568 1.9511396192031234 6.113729802976243e-06 -137696.51291066484 -0.616920512896422 -137702.42814854428 5.915238659712486 3 -137702.42814854428 135821.00594988387 
62 11.257116448040051 5.94223326738608 25.647444320024675 0.10546663231373832 292.4101136907367 -0.6982146332243455 -0.1734672754057507 0.6259016320008151 1.0775296512519026 -0.21769966318649764 0.06867020191079815 -0.000967891708758533 20000.0 4740.094898765765 4.725990261528978 -0.21394669530679564 -0.7119020368182405 -0.16407884254219474 9.216500303938858 0.6258909337174965 -0.7712629174151223 0.0022787467963589587 -137321.14811799466 -0.6268708437495901 -137327.07330620495 5.925188148714369 5 -137327.07330620495 135416.89242209753 
63 22.949497211203592 3.721801048177232 25.089943763121106 0.36956726614986213 396.02960911291717 -2.7775050241361785 0.14595264338366237 1.1439483186578194 1.621877631353204 0.09300005117532162 0.008395651266633691 -0.011713583905737922 20000.0 9076.668081063017 4.420622719039094 0.03773775232238199 -3.0059276768119925 0.19068224720731164 9.406418359860584 1.143547036343756 0.8606636489211896 0.0005083041556719219 -137284.5843472352 -0.6368211746027582 -137290.51948577637 5.935137640160974 8 -137290.51948577637 135041.52762942735 
64 14.663981425757868 9.055509314306905 58.11271742668705 0.28273539018564386 537.3962418741532 -3.591025701187088 0.4042251194578121 0.8691654882148399 1.1099236948748412 0.2192300218104764 -0.07083870814602554 -0.02912409789677835 20000.0 5187.722575011011 2.1836253681239337 1.0957896896022394 -3.605780483902322 0.4111082533454263 9.951458778263401 0.865872538452865 2.004968678982566 1.0359244866737533e-05 -136997.37338789442 -0.6467715054559263 -137003.31847676644 5.94508713518735 1 -137003.31847676644 135004.9638586679 
65 18.90107738243706 5.478305227892532 13.23203499887551 0.1815902212710218 703.6239359906486 -0.6964785204578816 0.5183465496366202 1.041712709235584 1.9426241121480783 -0.1701536090874063 -0.00016236389173125698 0.007625224366821622 20000.0 4424.584481849488 1.9140390908737666 1.2612712770763852 -0.691727789305596 0.5244697209796464 9.881821961588305 0.9971533550540932 2.059514848534881 3.036523638081038e-07 -136816.5585372452 -0.6567218363090944 -136822.51357644805 5.955040613538586 1 -136822.51357644805 134717.75289932714 
66 22.729619774706606 2.0388603328996258 37.359597128022436 0.050402779332871184 299.83233015043504 -0.5244978207228126 0.2986089338363785 0.5402832177843111 0.9614364433528457 -0.12031585689639726 0.029895501165225213 0.004859809089990855 20000.0 3806.7462215850364 4.728784344505664 -0.2371710381891126 -0.547116526191348 0.3102238858733409 9.640628164486909 0.5402721151759835 -1.1986440478982605 0.0021982776698615766 -136499.51988129335 -0.6666721671622625 -136505.48487082706 5.964990106440382 1 -136505.48487082706 134536.9380486779 
67 17.76639501442196 5.154468799003695 35.71764733959176 0.44741984343760693 701.3559706157937 -0.8411272529262996 0.20625998599183798 0.8374117257316447 1.9944244195406708 0.19589310631812046 0.02349843094760283 0.01170117618332435 20000.0 4877.658415763122 2.050727720550597 1.1424956452070494 -0.8504692126391722 0.21309940402810426 10.118256945714057 0.7906749496534209 1.9913191504615153 2.0063556842575885e-07 -133789.7052255923 -0.6766224980154306 -133795.68016545687 5.974939607869601 3 -133795.68016545687 134219.89939272605 
68 3.330327948974972 1.8086919128182732 11.555588271209709 0.10200133355527086 359.87073351507473 -1.4206333521283234 -0.12286529801466353 0.9077477134557735 0.6278926049865081 0.20408617604400525 0.023455197498805327 -0.020309033430884943 20000.0 6851.253229931205 4.448777727146825 -0.02655213555447771 -1.7278536945881235 -0.05775304842277114 9.589135230933543 0.9075451552073226 0.2434581352761827 0.0006072659679436381 -133192.63307179834 -0.6865728288685987 -133198.61796199376 5.984889125393238 2 -133198.61796199376 131510.084737025 
69 -14.38630034669282 2.443248640321686 32.2345494195033 0.135777161955753 505.1806193564176 -1.4274026810887817 -0.19742917036427593 0.8451356074231701 0.6337094514402061 0.16044802296132088 -0.0606221915333089 0.014358344876764524 20000.0 5273.515701950839 2.820296676062859 0.772041626079003 -1.4380099877038315 -0.19064845491660293 10.003593970557764 0.8437260047407084 1.385966553112843 2.8867435850822288e-05 -132184.2950117395 -0.6965231597217668 -132190.2898522658 5.994838656071806 8 -132190.2898522658 130913.01258323104 
70 -22.54881759951995 7.6742609315129595 23.9674148724839 0.4240347983389984 406.83897237054356 -3.7701262328841203 0.005517342740343351 0.9381429804971957 1.8797180571330505 0.12395505081533176 0.03747503279240899 -0.026724470279124817 20000.0 7691.036062982414 4.295293454891416 0.057265389590113444 -4.199203371593243 0.10796859858844363 9.739552307196096 0.9376670530999275 0.6119524972767364 0.0005077714634911693 -131891.47789763752 -0.7064734905749349 -131897.48268849464 6.004792023042683 1 -131897.48268849464 129904.67452317222 
71 -20.937712815250947 6.964597105289264 42.900251949081444 0.03449731030426911 659.9746190384274 -3.4777683453182346 0.4234585976503062 1.140030071395246 0.8139444193090117 -0.22381909662615482 0.008858663828706398 0.028461738153376208 20000.0 6091.65002503125 2.5617270727189183 0.9637516264232999 -3.4749991736495685 0.42970872746706157 9.573074392987024 1.1256129123023388 2.0199253578332534 2.6221114507176905e-05 -131400.68483941894 -0.716423821428103 -131406.69958060692 6.014741546154255 3 -131406.69958060692 129611.85740907022 
72 -3.148946835610161 4.812706209190725 57.00716813098889 0.3786054612039066 454.29283922157293 -0.3363315637955733 0.3813133299684794 1.1331757844661574 1.2636874451100513 0.1945286959964591 0.04397157753653652 -0.022634697651632268 20000.0 5921.5972176675095 3.9192486939533526 0.2862945266002304 -0.41895949367003027 0.397456673728995 9.761314398440486 1.1325144968538594 0.6158268350659484 0.0004462953638389411 -131065.43952689148 -0.7263741522812711 -131071.46421841031 6.024691074635484 4 -131071.46421841031 129121.06435085164 
73 14.805100881792306 2.8285439273379245 34.41840284617789 0.2436177766251002 412.06282894841127 -3.4109118291410607 0.5306237714113937 1.099540866047915 0.8533333550172699 0.1337969084703688 -0.05876895139935985 -0.02001601264408416 20000.0 8985.020826037155 4.346557629204669 0.06616917162762546 -3.6854652732928948 0.5852605441607515 9.515986153333802 1.0990332553666384 0.8998970226731094 0.00045676630826116795 -129723.14987809541 -0.7363244831344392 -129729.18451994509 6.034642504455405 4 -129729.18451994509 128785.81903832419 
74 -19.0404564872308 3.53593525168846 55.08550364438946 0.4883137492278269 392.74944784192866 -1.099335236592422 0.34967090641134685 0.9156043802982007 1.3904300222205854 -0.009525744330026259 0.024501899358202392 -0.013194014871945773 20000.0 6548.351543510041 4.34850068842798 0.025410589321835014 -1.2825536949685854 0.38526283947650597 9.738567915072299 0.915313139469844 0.26883145034030637 0.0005795081576597422 -129136.03877112771 -0.7462748139876073 -129142.08336330825 6.044592042657314 1 -129142.08336330825 127443.5293895281 
75 -4.099766111683817 5.409579582641568 21.199772488461843 0.3777827745072911 617.6041391246345 -1.82640499575859 0.10880773112085168 0.9778563721699544 0.6279043457973048 -0.16015074252165995 -0.006546637746594086 0.001676432997153511 20000.0 5095.668606125301 2.113487321438813 1.151856608681661 -1.826065289504964 0.11489379989868358 9.786605352361935 0.9537623107108544 2.08600024907417 9.698635423273295e-08 -128966.42906402133 -0.7562251448407754 -128972.48360653273 6.054541585195693 2 -128972.48360653273 126856.41828256042 
76 15.054937844044588 8.27636025891214 21.829265671298604 0.11439982386010333 732.9560334341842 -1.2539741932595412 0.19372543115604196 1.1466819540092954 1.5192733100347506 0.15188443172008637 0.020868086440707728 -0.007858609522301444 20000.0 4926.398096387043 1.958845965149423 1.2642650978693197 -1.246242102917089 0.20005977159214092 9.595183573910914 1.120722948529772 2.2521305378058583 7.242137334668496e-06 -128937.20185698076 -0.7661754756939435 -128943.266349823 6.064492951511056 8 -128943.266349823 126686.80857545404 
77 -16.769332669881248 3.979115316002997 59.46382848545888 0.3911775051260997 733.2963661752684 -3.9438877568577766 0.26599032929243205 1.0661702182315502 1.3809980370783113 0.1908428059593152 0.008666275323075456 -0.021998195771749753 20000.0 5292.6430055704595 2.1367277715734336 1.1611724656806164 -3.946161050392094 0.27201124776220587 9.666136050930831 1.0502031136387688 2.170517663864062 2.5944302755389627e-06 -128874.47361901536 -0.7761258065471116 -128880.54806218846 6.074442546756472 3 -128880.54806218846 126657.58136841345 
78 3.4820982608976756 7.352889493100423 55.31193349963911 0.32899664010944046 679.4788636505326 -1.730591451312646 0.3406954646680794 1.0732798882324963 1.3733985158246778 -0.10256883093336354 -0.0006574739518399181 0.014414470918716726 20000.0 5425.406619748549 2.3693726857396507 1.0443438970409369 -1.725318353752561 0.34689524811828487 9.666796369452785 1.0477662217668338 1.9798992929881316 7.991900885447491e-06 -128277.59968450008 -0.7860761374002797 -128283.68407800402 6.084393962752074 5 -128283.68407800402 126594.85313044807 
79 9.970182306572639 8.867240434279642 33.47285830973053 0.014697349959559736 328.32850521932096 -0.281185423490252 0.4596789794843767 0.6159015024847709 0.5884363809404596 0.11546282598203972 -0.011036207862866229 -0.02382191625477155 20000.0 3804.2407967651716 4.642193598621781 -0.1665953047529313 -0.33580441691001245 0.4775376766319248 10.021357888436683 0.6158672241433876 -1.0586362878389808 0.0021634072205329513 -127559.26195782579 -0.7960264682534478 -127565.35630166059 6.094343511111219 5 -127565.35630166059 125997.97919593277 
80 -2.6970240444402833 4.297242235532297 38.8816558973359 0.347627008166693 647.0523561871611 -1.403276623065703 0.3187152071780946 1.2108871595402508 0.9553163505520824 0.11721232101718054 -0.03849486752394695 -0.02427782860855746 20000.0 5304.432219461281 2.4858789159725494 1.0136847163661669 -1.3944146334907674 0.3251227805228345 9.503579108911246 1.1894312608295174 1.879407377129795 3.964953464372594e-10 -127020.85501632479 -0.8059767991066159 -127026.95931049043 6.104294914985076 1 -127026.95931049043 125279.6414692585 
81 3.629231161984169 2.329365301071229 52.63870281713374 0.14292040768704095 508.2914247721682 -0.5696488389567294 0.5274896177715163 0.9805748915468102 0.8070159859953205 0.008734441801055204 0.06878237989058147 0.025231821960918742 20000.0 4554.752827972223 2.7036032573176385 0.8627415093330201 -0.5683740659000273 0.5335239357906227 10.008129848483215 0.9792454649973861 1.3128246024038006 3.444847647492744e-05 -126942.10375819431 -0.815927129959784 -126948.21800269082 6.114244469121331 3 -126948.21800269082 124741.23452775748 
82 -0.46244921252016624 3.870318442366308 37.082104353757856 0.42670199020748484 457.60528198542283 -1.3172164926274235 -0.1957060277575735 1.0973493989542091 1.240550206799466 0.19686023783761863 0.021385057155252865 -0.020238952275276674 20000.0 7368.507712839972 3.8715607696387915 0.30317384104968814 -1.6003411029128283 -0.14223232687430565 9.596570298837772 1.0965852700888996 1.029348178974353 0.00015664968577445705 -126201.31304620954 -0.8258774608129521 -126207.43724103691 6.124194028408965 2 -126207.43724103691 124662.483269627 
83 -23.93633627104727 0.2269744713173194 60.475658768394204 0.31903998573536474 532.7208366624284 -0.5467959489253178 0.24761085730650317 0.9135030795527318 1.7862812339289318 -0.00422253470384884 0.03569706260899434 -0.0035321474866595974 20000.0 4519.783575988082 2.16525144504725 1.1159827770907023 -0.5496266387691731 0.2537977405171744 10.061485228138661 0.9107592317311433 1.8059184399867845 1.1849080004313878e-05 -125664.19837120023 -0.8358277916661202 -125670.33251635844 6.134145422940492 5 -125670.33251635844 123921.69255764225 
84 13.448045138318022 7.851156404264046 34.96771418051947 0.11224362581071401 707.6806467732318 -3.297388136439551 0.04411515123184176 0.9832115006619291 1.448771669278107 0.022539386367999514 0.03949160318504896 0.028011978430534212 20000.0 5524.157187127487 2.3278352214125784 1.0468039642315707 -3.3027106946224616 0.05021015985131142 9.77898609566106 0.9631066205146392 2.016154366415873 2.705561430162663e-07 -125114.41118170186 -0.8457781225192883 -125120.55527719093 6.144094987568678 1 -125120.55527719093 123384.57788263292 
85 -12.218462203296237 3.1568573191700566 53.32592101939747 0.1321580688652605 428.48723821970833 -3.031688606312119 0.20515238661734808 1.115219240811773 1.1883226859535598 0.06850975824832428 0.05561306078435713 -0.004337617137341546 20000.0 9218.23176705471 4.259367087444584 0.1127713447808367 -3.3127843714672793 0.2609444251574177 9.537961496557989 1.1145817351000848 1.0376155089150438 0.00032747078324447227 -124098.22266334282 -0.8557284533724564 -124104.37670916274 6.154046369498246 3 -124104.37670916274 122834.79069313456 
86 20.972413845360514 2.8290694578003595 46.735739348871604 0.41397886313471177 364.7749680728036 -2.988903881286083 -0.021047463903955954 0.8953403639781404 1.1668089964085182 0.10109538090128517 -0.06404694583216174 -0.029390881158736375 20000.0 7058.616532987485 4.472369045653905 -0.04132771402009885 -3.3359208402155325 0.06638437799999522 9.61866968068751 0.8951241854605275 0.2657052551222713 0.0006912361632226786 -123965.06359457018 -0.8656787842256245 -123971.22759072096 6.163995941693429 3 -123971.22759072096 121818.60217477551 
87 -1.997083951975469 3.4190222370967405 41.515916010182956 0.25393310884935805 740.7036313800656 -0.8671190811927518 -0.16995149454237773 1.1875598515191976 1.7321384937040734 0.09441165757201819 0.023578823239868887 -0.02301450373637409 20000.0 4876.67678964609 1.8861144891081163 1.3085205218259437 -0.8590027980778286 -0.16356493311153958 9.566415649580872 1.162338936015062 2.3230192623975583 3.484471514450682e-06 -123653.27697378818 -0.8756291150787926 -123659.4509202698 6.173947316419799 2 -123659.4509202698 121685.44310600289 
88 4.370751199977324 0.5281607074207395 52.13033331128146 0.3558235430162341 701.0246987361818 -1.7811103491199893 0.35208452419882647 0.7877501215813193 1.7062655516203784 0.021815905077118974 -0.06635138790791187 -0.014549699237296347 20000.0 5314.702208866361 2.2144927079097956 1.0489851807680026 -1.7986171173119099 0.3599991824042142 10.118193547597158 0.7494651000089824 1.9533684299801206 4.3527117119958957e-07 -122080.25658332597 -0.8855794459319607 -122086.44048013845 6.183896890113829 3 -122086.44048013845 121373.65648522087 
89 17.2131205834542 0.5579424568632896 9.307631059409124 0.34899264474232466 370.12834922895837 -3.7248484916420015 0.18779662723909685 0.8729006407562043 1.768465351067706 -0.018590249578642026 0.06119499544875193 0.02863959455697703 20000.0 6979.117047611921 4.467845599952029 -0.04464136043342159 -4.112850616054033 0.29081139550304946 9.684056542900839 0.8726696163986079 0.23940153419595256 0.0007174933790916659 -121099.37028856308 -0.8955297767851288 -121105.56413570642 6.193846479829517 5 -121105.56413570642 119800.63609475867 
90 23.200942863837064 1.887360375522209 29.892331257674265 0.1207157157981622 435.26607347252184 -1.103582553416949 0.18268344780404072 1.0423114830055202 1.2301410549685245 -0.03930651591019227 -0.0441759910124013 0.025079490585185764 20000.0 7055.006345250544 4.062475932364065 0.1965438936237253 -1.4149136705260243 0.24014004617056728 9.667148545836653 1.0416957673939273 0.7405597491167355 0.0003274072379540207 -120802.84751102596 -0.9054801076382969 -120809.05130850014 6.20379783147655 1 -120809.05130850014 118819.74979999578 
91 -7.702555938557413 8.43883456631928 16.46608691950099 0.23584183127861313 299.328142342702 -3.962591853308034 -0.14854952716453518 0.5111218044538948 0.8322787725216951 0.15542746097708543 0.07242028709416709 0.006111004172759574 20000.0 4571.277584233461 4.859446353567083 -0.3194521265553137 -3.976007752140177 -0.13885457063856096 9.496183237388108 0.5111117035665115 -1.045271550033295 0.002218224410921451 -120399.51829141636 -0.915430438491465 -120405.7320392214 6.213747424990288 1 -120405.7320392214 118523.22702245865 
92 21.534901880237094 5.83945642853347 23.195274918348964 0.3777568021312812 302.40675440494977 -2.4195115187141654 -0.12277310244643776 0.6506819846938543 1.652340784397075 -0.15719944904689456 -0.026719881650038878 -0.018566543846159092 20000.0 5447.556401812683 4.750363444188055 -0.2398280135720932 -2.436663987903838 -0.11246497831228588 9.233085756100285 0.6506662267487685 -0.5813667582400885 0.002318250878102108 -119738.9390482952 -0.9253807693446331 -119745.16274643109 6.223698768139002 5 -119745.16274643109 118119.89780284907 
93 -19.831854905033868 2.801886147495418 14.230107901270767 0.3277481459780716 380.58709464003823 -3.843082108840802 -0.00841396092923849 0.6665801022445798 0.8269024650237466 0.14896563520354916 0.008306257638881515 -0.028624619874194353 20000.0 6037.073682442091 4.570593891745286 -0.15462574310782778 -4.009140885057471 0.03560736161076407 10.140054593975112 0.6663762570978522 -0.23246325333316942 0.0007380333247712375 -119713.45062156234 -0.9353311001978012 -119719.68427002907 6.2336497999640414 12 -119719.68427002906 117459.3185597279 
94 16.99211032846425 4.609275784498982 29.937167734999218 0.039454540376211045 579.1824830138414 -2.565914778424897 -0.0032958685879053706 1.093564355081455 1.6365722255278228 0.011032987995725024 -0.0032088113292775833 0.014640879447477065 20000.0 4804.254160640585 1.4689992000898333 1.502333264362993 -2.5624508459423794 0.0028573439854429343 9.619100907619023 1.0859950839455101 2.6846527555268254 6.359963650728523e-06 -119524.72161035673 -0.9452814310509693 -119530.96520915434 6.243597966895322 1 -119530.96520915434 117927.49328747483 
95 -7.077266079616052 8.24953708399814 47.41045891444946 0.4978461590970525 438.5515114055752 -1.879685770949152 0.2122979461221256 1.2365086043453342 0.9644544502014727 -0.146069027625639 -0.0016786723718083957 -0.024619538651382035 20000.0 9282.866624677788 4.209499378797021 0.1601478104580195 -2.0394343153331302 0.2429096802775636 9.395310450056737 1.2358807970968408 1.1445063904003219 0.0002512308650642842 -119442.14071645169 -0.9552317619041374 -119448.39426558014 6.253549306144123 2 -119448.39426558014 117738.76427626927 
96 20.464838883700615 2.972862071565258 12.973844699130971 0.37027559526694775 525.07846472399 -2.4751759396657316 0.5182839530944732 1.0118441519350947 1.1910691862223513 -0.13851960822004586 -0.026323800612081852 0.010725000564417712 20000.0 5177.543830446088 2.4467888234920716 0.9977023965023488 -2.4739633498162235 0.5243599744501247 9.72730382950797 1.0099593600861558 1.8053822564862152 2.325940402573834e-05 -119146.9541900293 -0.9651820927573055 -119153.2176894886 6.263498907952453 7 -119153.2176894886 117656.18338236421 
97 -18.806308239324125 4.245031653867589 54.39201145098348 0.012456730810293415 465.2120679176852 -0.7220020301945604 -0.032164943064790286 0.8475986250146942 1.7230711693827656 -0.11960340101460883 0.01103388234773793 -0.01870159869552081 20000.0 5564.625617687674 3.7732591603400305 0.29811174396836226 -0.7835232093565735 -0.014921449435246401 10.06506105913245 0.8468713744980605 0.531449618094067 0.00012452593055462248 -118754.37406557694 -0.9751324236104736 -118760.64751536709 6.273450242530089 6 -118760.64751536709 117360.99685594183 
98 6.663861863936681 4.812931192618599 38.99568010553037 0.013659804651823426 623.2685131444309 -2.2591842393643895 -0.1959783276624445 0.8808727889898309 1.694410911540979 0.21539168690670057 -0.012828348041451401 0.02948831387477309 20000.0 5090.42856787221 1.95976427597832 1.2051158875264802 -2.268371866946536 -0.18947012497191745 9.933387102762028 0.8556247005089481 2.1907314922623606 3.4765403314948267e-07 -118292.19621998194 -0.9850827544636417 -118298.47962010295 6.283399848267436 2 -118298.47962010295 116968.41673148946 
99 -23.651828521403818 4.918008376292625 45.71105889735285 0.3751828771795682 443.28501509935745 -1.2529240399391242 0.20835511517045102 0.9151989899313252 0.9449392956656071 -0.1015455943049106 -0.06674595955457124 -0.012612213264192509 20000.0 6632.658543470271 4.024202699070452 0.1873817153527033 -1.591512853504887 0.27751185221963043 9.868190240459167 0.9145597700965822 0.6149963174723291 0.00025524203017536945 -117309.05582432878 -0.9950330853168098 -117315.34917478064 6.29335117120354 4 -117315.34917478064 116506.23888589448 
100 17.208836033807465 2.678743471644227 22.902973835547918 0.40226567038396127 765.7858129359778 -0.025578614200560068 0.21422746650430674 1.2080291985919809 1.9095831118579873 0.08219044397717157 0.03333903901771504 -0.0034600018867088286 20000.0 3903.0459692186673 1.2536742810980321 1.626120262829122 -0.019031359020590864 0.22065404586617202 9.797235655652266 1.1697172965446139 2.571337518098775 1.0391045385250248e-06 -117183.6724255346 -1.0049834161699778 -117189.97572631732 6.303300784682506 1 -117189.97572631732 115523.0984902413 
101 -19.84193107096303 5.780779943564958 21.99434616547371 0.14893516627949888 686.061410184627 -0.14691059451164357 0.0372457890422738 1.145855278384737 1.3149978195633267 -0.21002203846383244 -0.049816589158877794 -0.006449209214347031 20000.0 4724.710742090104 2.2673505254021813 1.107816540479662 -0.14061461707694595 0.043578692101743116 9.802927472922773 1.1093315961366748 1.8666163085700056 4.086890984773454e-06 -116952.89379990633 -1.0149337470231459 -116959.20705101991 6.313250400373363 8 -116959.20705101991 115397.71509144713 
102 -12.548921875516477 3.2175904446620196 27.355767288063994 0.10528304455190846 341.699078686623 -1.998923123873836 -0.02228782765069387 1.103583975310924 0.5881575794460018 0.18253801080696852 0.057244234051458426 -0.003932946973552745 20000.0 8112.0897472306215 4.509535820972265 -0.014464640718536065 -2.1327534260258307 0.005373900047457756 9.149333758900912 1.1034333522851973 0.5610840328018057 0.002251314434918337 -116641.83796999605 -1.024884077876314 -116648.16117144047 6.32320171718311 3 -116648.16117144047 115166.93646581887 
103 9.162196619156191 6.874620479892596 45.83536463559054 0.4307567871890174 536.5215665537473 -1.196862672784126 0.28482729140962587 1.2075492251687472 0.7586071169969223 -0.19506768476046332 0.04457062343632302 0.025211766244044344 20000.0 4874.427440103265 2.2238475326118126 1.147542558481616 -1.1881275693965017 0.29123601448388103 9.517778227778285 1.205135292226832 2.0002618838210906 3.461924409469246e-05 -116379.40690938626 -1.034834408729482 -116385.74006116154 6.333151335755247 3 -116385.74006116154 114855.88063590857 
104 8.113253020569921 8.381793556917238 18.295799464247064 0.3923401254979336 559.5837606586656 -2.697870434465353 0.35381708608067336 0.9958304676476513 0.8636122295476745 0.1740689896734564 -0.05623781894894731 0.006349762097210013 20000.0 4923.692394402336 1.7816758568463318 1.3260282096746858 -2.698678268927172 0.359872173717456 9.752402725065169 0.9905542634373136 2.3747023974157453 7.842503956207515e-06 -116040.44394553863 -1.0447847395826502 -116046.78704764476 6.343102647006162 7 -116046.78704764476 114593.4495752988 
105 12.200701973070963 7.801653280292306 10.146485712883345 0.2990516781239433 477.7621769997568 -2.6022799189133474 0.485685059265145 1.0385002258562213 1.133487293841744 0.2058639408248985 -0.010793888216255779 0.020613825986735057 20000.0 6329.964048855785 3.459305515973054 0.4972626901466584 -2.8886992283451605 0.5443813659751475 9.676228055814505 1.03760613068835 1.1536126811523415 4.179551748211229e-05 -115944.94202648889 -1.0547350704358183 -115951.29507892588 6.35305226840137 4 -115951.29507892588 114254.48661145115 
106 14.672613287699676 5.683581676686263 16.943988064165403 0.3691403858343312 407.47846748308245 -1.7597372688128945 0.1399535737051732 1.1375956922777752 1.0300137260597184 0.1854936766219249 -0.042872145734323304 0.002886517876543919 20000.0 8632.262027433217 4.341550969572355 0.07603760019067937 -1.9981319383936331 0.18488867651420854 9.443841787549953 1.1371462524196878 0.8500559860296534 0.0004521303355686884 -115804.09752913537 -1.0646854012889864 -115810.4605319032 6.363003576479969 9 -115810.4605319032 114158.98469240141 
107 3.0841526126391585 4.7242782539185715 43.08736051276231 0.25154289687467746 518.7559272819808 -1.772618170375234 0.4247697110134712 0.7944983902900127 1.933328674334709 0.0754675987757587 -0.0393475883543619 -0.01279549328483531 20000.0 5056.962272337782 2.487702692700406 0.9246094285239917 -1.7882501298320173 0.432431303036094 10.102061752273205 0.7924803127400346 1.6182600384382715 1.5677155905398023e-05 -114831.68396874159 -1.0746357321421545 -114838.05692184028 6.372953198442701 3 -114838.05692184028 114018.14019504789 
108 5.251597832182036 1.1430168591508294 20.160219374935657 0.1445506573977814 474.94064921594804 -0.2734054895954512 0.560906063832048 1.0355180292942237 1.3314431487202723 -0.19410169346736178 0.020054780615121517 0.01727192470017657 20000.0 4621.9573111409245 3.5176587162549064 0.47232711994405147 -0.2830853184278369 0.5666699280326946 10.01267189094106 1.034758104449103 0.557440286880567 0.00014843176086324136 -114103.23030911945 -1.0845860629953226 -114109.613212549 6.382902830911917 2 -114109.613212549 113045.72663465411 
109 10.537174566511261 5.54094732157825 38.06252465116174 0.09510445359473407 474.02698549803836 -2.317783466343403 -0.08261859613572042 0.8355442377364322 1.8651039695495875 -0.14022931489874502 0.0317701935260787 -0.008710471836407139 20000.0 5752.168431365632 3.439204080078755 0.46002855926048636 -2.392199490168206 -0.06140967131854193 9.998181645188277 0.83462226626395 0.9128658228074544 5.0969527322666225e-05 -113772.48024244996 -1.0945363938484907 -113778.87309621036 6.39285412337631 2 -113778.87309621036 112317.27297503198 
110 1.4875789934919723 2.039561872805228 44.7379479728438 0.1961865885483891 406.0075526959918 -2.458802831535452 -0.046923168663695225 0.8116588281950088 0.8616641419979615 -0.16948590472783903 -0.03864822841341403 -0.02034605683165587 20000.0 6832.37765882902 4.361421659172432 -0.007249485489325809 -2.7528927058463397 0.03388479566291581 9.929896030533612 0.8112926616056958 0.27727081178862456 0.000534975555067865 -113641.06611225213 -1.1044867247016588 -113647.46891634338 6.402803758872324 2 -113647.46891634338 111986.52290836249 
111 19.58852566827339 4.955157640567113 14.369362463863977 0.462681052765152 343.6374840304105 -0.773930291145073 0.31452263276977505 0.7759644606787914 1.6815918285348763 0.07682646680461191 0.043405505782264056 0.008480064213714153 20000.0 5570.216450042152 4.576047375094097 -0.11826252889358424 -0.8354675397420301 0.3319938065395464 9.744636586649655 0.7758736191859066 -0.2995544446240895 0.002186508481246088 -112631.81850107075 -1.1144370555548269 -112638.23125549285 6.412755042911158 5 -112638.23125549285 111855.10877816466 
112 12.413040727661503 1.4176648518479218 15.030065200457598 0.05425641388245761 569.9691156881449 -2.66095978541912 0.13622749439789195 1.1939194087026017 1.85822755526191 -0.040290992778886564 0.02041997518747736 0.019311544879490043 20000.0 4943.127490688861 1.7617999980575652 1.375609644715209 -2.6540785319901605 0.14256815235683828 9.495110598026164 1.1889522727542934 2.4807088633762757 1.1999540899269747e-05 -111892.60698114455 -1.124387386407995 -111899.0296858975 6.422704685581266 3 -111899.0296858975 110845.86116698328 
113 19.953916006883972 2.226447524575793 10.14376827647032 0.037655532309664785 678.6267516668148 -3.681250813116613 0.0439686661014389 0.8184712132637848 1.8076944296076087 0.0014653202381657848 0.06267590118544478 -0.020258779097252516 20000.0 8113.472569120161 3.1346523632031573 0.6014375173287281 -3.7059394836978212 0.05241634990256603 10.045558548541027 0.7940585705076855 1.793184450519599 1.0530519981899563e-05 -111717.0960145573 -1.134337717261163 -111723.52866964112 6.432654333373648 4 -111723.52866964112 110106.64964705707 
114 16.138035656205304 7.429255468564043 31.280826335476018 0.3786858281925238 749.1415480028273 -2.4932975038914615 0.17156329778177348 1.2109049737139455 0.750420499642896 -0.021396309213263576 -0.00039541610276846995 -0.020442185269769778 20000.0 5042.826283639767 1.8554427862159149 1.3297649233323336 -2.4857116878024645 0.17792950410474112 9.488992084993436 1.1943719031707187 2.42370820474922 3.0078048067651017e-06 -111709.39031927212 -1.1442880481143312 -111715.83247453258 6.434733325833804 1 -111715.83202008244 109931.13868046984 
115 -21.072791208196307 2.104952013821185 42.47448569929539 0.4408790181445265 694.6952109809074 -2.4219476352132543 0.415881326666195 1.1881685090349294 0.8769483505163185 -0.14289166555120275 0.01868166737945319 -0.024900092197100595 20000.0 5848.162979632348 2.4725633165062284 1.0166408246990868 -2.4147008920279083 0.42232218998882864 9.515184657858663 1.1695700242243965 2.0548418455402193 1.1078901510617464e-05 -111498.32404204055 -1.1542383789674993 -111504.77659778607 6.452555255513289 1 -111504.77659778607 109923.4320805803 
116 23.725727186278476 5.72242709881019 30.418881558104687 0.49721330972164435 384.19671152992146 -1.8822666006914708 0.21596548401064525 0.8426967193208121 1.9157372075538968 -0.1319028552645211 -0.00549417080248471 -0.01785215533928043 20000.0 6722.1515897196305 4.434766991270878 -0.035718884230147935 -2.1877665534548143 0.2901623393479267 9.788291776059651 0.8424380724251216 0.19207776631641552 0.0006028416008434914 -110828.6206603044 -1.1641887098206674 -110835.08316638076 6.462506524345372 1 -110835.08316638076 109712.36670795309 
117 -5.877580302744427 0.31200856056104787 45.36520847937204 0.1946500678702901 513.2711605466184 -2.723877794602556 0.5673657168149482 0.9388341877351574 1.7295420247707542 0.18580761897306908 0.0260999851187423 0.0008510046340097638 20000.0 5267.787109258141 2.6529620025903355 0.8784252243830752 -2.729249004862922 0.5735272192668495 9.834368469686442 0.9372311364197148 1.5968456366594526 2.6936032751434598e-05 -110639.8207977706 -1.1741390406738355 -110646.29325417783 6.472456177856657 2 -110646.29325417783 109042.66332621692 
118 15.733876181101827 2.974597118485004 28.99108881780348 0.404065598557123 548.668084397948 -3.7340382079614463 -0.17464366609788506 0.9657715349180496 1.1280914425164692 0.027553919348446254 0.036003625781918625 0.02745063685944741 20000.0 5072.22389957176 2.0237649387017 1.1985961021194118 -3.7422780800250592 -0.16851229966215212 9.798846537291722 0.9619990399799818 2.1714681955304194 1.0639657585890836e-05 -109153.79890460144 -1.1840893715270036 -109160.28131133951 6.482407432689797 5 -109160.28131133951 108853.86346368313 
119 -8.85662612222226 0.060197657342756505 21.372657789716005 0.2458874906157955 711.351688711847 -2.7867086723002292 -0.1304104569422188 0.9833022663161823 0.7690286174227525 0.12154731878299696 -0.03932559824011142 0.011360225919881818 20000.0 5343.050111169483 2.2187471184230896 1.1011100248221375 -2.79022033333231 -0.12434319067407289 9.778101243340577 0.9620365890226465 2.066859366116974 1.4940633946605912e-07 -109124.75463515533 -1.1940397023801717 -109131.24699222426 6.492357042661752 6 -109131.24699222426 107367.84157051396 
120 19.832072872581364 4.846140631164505 31.97022338318381 0.2681432695485716 456.46911584416193 -0.06510520449848434 -0.009061723490683182 1.0306260597339976 0.7562401447737279 -0.08011255192890149 0.07129544389754292 -0.004697384995565844 20000.0 5724.337707139607 3.9625754252515435 0.24483400743761335 -0.14264509900659794 0.007494145846036304 9.933793594289622 1.0299861343288965 0.47405133010633216 0.0003725686270616574 -108581.10422339271 -1.2039900332333398 -108587.6065307925 6.502306762893568 3 -108587.6065307925 107338.79730106785 
121 5.236200241033135 0.6743408958206143 8.344890000237019 0.17176487638766513 297.63011236790175 -1.40562669184204 0.4251328084225779 0.5455608954003648 1.5398448574144807 0.030538626728184193 -0.05800121866570262 -0.02596761016840079 20000.0 4270.530330114606 4.745847072682834 -0.24397442588861387 -1.4252427848486637 0.43621914843087306 9.452344199963024 0.5455500656767087 -1.0125392820617196 0.0022908122188894623 -107593.7697242389 -1.2139403640865079 -107600.28198196953 6.512258007278433 26 -107600.28198196953 106795.14688930525 
122 7.507975161372251 7.779760448442957 25.161412595038726 0.07147065980764705 409.04125680200116 -0.5347203883963116 0.5970923375106185 1.0064967632827924 1.2666716917532383 -0.18084047223734287 0.03522299069922785 -0.003557189638493198 20000.0 5935.09033144318 4.247942115512327 0.09627731361086174 -0.6616367088276709 0.6200019467690733 9.813294691621568 1.0061588295670605 0.23974628734328748 0.0005973531959227312 -105509.12552394469 -1.223890694939676 -105515.64773200618 6.522207687594346 16 -105515.64773200618 105807.81239015142 
123 -24.268164262073967 4.36095748342323 46.208736030672696 0.19649886518422577 484.02148520454347 -0.4415618463275819 0.1579017857276167 1.1993510228089859 1.8034076545398767 0.0011833860059211887 -0.012500043366812368 0.022119321483483785 20000.0 5109.504281553309 3.3859372125322924 0.5673273603910496 -0.44391009399373493 0.1640814086468657 9.633089476702924 1.1984161343083555 0.921652117512268 0.00015796244324638276 -105064.3088820445 -1.233841025792844 -105070.84104043683 6.532158906513359 4 -105070.84104043683 103723.16818985723 
124 -15.905702334845163 9.05294984381188 17.376798992008236 0.2251396967162408 657.5899597246992 -3.654725616915863 0.2727339241030932 1.0389164366515795 0.6449030860240277 -0.14921007880509632 0.03709123881780518 0.014992933250979668 20000.0 7972.122197194257 3.1339242079008383 0.6567270916235347 -3.6573126683252877 0.27880549210470795 9.696075294104727 1.0223186646698688 1.8732322982330563 4.4887325059699595e-05 -103844.7071431113 -1.2437913566460121 -103851.2492518345 6.5421085963753285 9 -103851.2492518345 103278.35154795702 
125 12.974821514602688 3.107389228084304 17.593514274304116 0.26728154883659433 501.0603978780871 -0.3499704459376356 0.18334717797651862 1.0151847656793418 0.8516671421307278 0.10080850454278356 0.006676305956532319 0.0042914141854573165 20000.0 4828.139298097918 2.933787537055029 0.7554989846209283 -0.3471342853761616 0.18941022786949996 9.938142547401387 1.0140517292079894 1.1995994626033484 4.6124217718486734e-05 -103000.8770288122 -1.2537416874991802 -103007.42908786624 6.552059797235415 22 -103007.42908786624 102058.74980902382 
126 0.6976455228323815 4.513393326511936 13.186693651733306 0.46664141917594515 330.2977381744074 -0.029521402069308422 0.42849550104724893 0.7576897853332676 0.9345961591094654 -0.05846286081710639 0.010324841849444752 0.020411277616299357 20000.0 4251.45082163139 4.590153419194323 -0.0964151112411681 -0.0712703185409645 0.4418346870025328 9.817040544021689 0.7576458616189559 -0.7251992563087786 0.0021247644052117317 -102446.11050740341 -1.2636920183523483 -102452.67251678831 6.562009497618419 6 -102452.67251678831 101214.91969472473 
127 -24.38066253307771 3.4498646856194535 34.81524896148078 0.04958701469035243 513.163583448301 -1.6854331399659364 0.1621442094533886 0.8915150638493089 1.9918090984407235 -0.19139761279652984 -0.0687803879427043 -0.0105152946276292 20000.0 5193.5531351240215 2.634144342353343 0.8765792208758204 -1.6906685410677358 0.168467650046163 9.922920490928666 0.8898483611501243 1.5684990857925676 2.3987154704210498e-05 -102234.72543142083 -1.2736423492055164 -102241.29739113658 6.571959203080041 3 -102241.29739113658 100660.15317331594 
128 -21.91356679027008 5.9116359112031756 17.69263256014793 0.1528536494977878 614.6716952941646 -0.7594339435440167 0.07095531013668693 1.1773510629388555 1.2980456706658345 0.06400152586070856 0.011632694754119141 -0.015552808882823187 20000.0 4664.899871302511 1.8181777112411952 1.340360304905548 -0.7514273755851552 0.07733383126440127 9.599865763147655 1.1510776072391418 2.309572242369904 1.0428913278598742e-07 -101877.76969474752 -1.2835926800586845 -101884.35160479412 6.581910395339946 18 -101884.35160479412 100448.76809733336 
129 8.005125373778263 1.134619456069561 12.055861777808957 0.2209832110950823 384.467992692751 -3.890145312137457 0.2683835655325694 0.7925702859019472 1.8590034251638528 -0.055763549286628245 0.01800559631193105 0.0020566185021589703 20000.0 6688.33862425695 4.470497459119876 -0.06691332712193643 -4.05510780210355 0.3137173511345724 9.892433815817183 0.7923082259699994 0.12092868447623498 0.0006989387505332064 -101439.455483307 -1.2935430109118526 -101446.04734368446 6.59186010438134 1 -101446.04734368446 100091.81236066004 
130 7.184834997964501 6.564739556008687 35.77058915732754 0.4001404485648643 433.02615180215753 -3.4257018676901425 0.5426909267322111 1.1693181057723014 0.6570057882180353 0.19788009707441168 0.025345627147291452 -0.004942905440194743 20000.0 9653.736802007561 4.245555246694311 0.12996099054488214 -3.6750303715268053 0.5916148754861034 9.48074651890349 1.1686421706389656 1.152186124609524 0.0002807014053179232 -101273.00083777818 -1.3034933417650207 -101279.60264848649 6.601811290092883 6 -101279.60264848649 99653.49814921954 
131 20.558369985357707 9.424474408282844 36.48993297244972 0.2067786721307856 509.26415764891266 -3.8378554653882286 -0.010257118015370104 1.2091906704516404 1.2819638627083152 0.15300880949816453 -0.0044798282879990325 0.025796531484248937 20000.0 5888.380544481572 3.003956222050646 0.7580029431986938 -3.8837426815786578 0.0021487547435983145 9.471950476830353 1.2081531252123066 1.5494716898887106 2.127493565590351e-05 -100850.43189788354 -1.3134436726181888 -100857.0436589227 6.611761001913692 15 -100857.0436589227 99487.0435036907 
132 12.814731922714337 1.7724414777894548 36.43336178140248 0.4618977833472626 316.49278890838673 -0.812480483053934 0.16161505785907526 0.8549894945185623 0.6651683495991187 0.013430442526226077 -0.014836645893655083 0.02875318882891198 20000.0 6041.552671178205 4.583024204664946 -0.10662947348617563 -0.8418305790940486 0.17271021393881264 9.190905549327917 0.8549497892915787 -0.13518235554655622 0.0021741093664546267 -100850.21398173895 -1.323394003471357 -100856.245579778 5.525272091283114 6 -100855.87388320317 99064.47456379606 
133 8.244992872111773 3.0450567247897697 23.338243937730315 0.11126174721489446 520.5841754225976 -1.736590284617777 0.2515525984026778 1.1458613658839987 0.7023372124270625 0.06800407662512131 -0.0440506165417803 0.008351589998493267 20000.0 5211.182833513016 2.6004724069052343 0.948062654527623 -1.7299710381869213 0.25786133670306377 9.554690980530872 1.1443889889543326 1.7173528784949181 3.8920685629061175e-05 -100527.60032845382 -1.333344334324525 -100534.23199015469 6.631661897117738 16 -100534.23199015469 99063.29483774568 
134 15.742885316054682 4.374749839679815 24.56387007888866 0.06495169121965633 754.1429051961571 -2.9817081566468326 0.36676734487391177 0.7901960949972706 0.5889065607226922 -0.04515019293703468 -0.06578697596227213 -0.007825309651245456 20000.0 5028.747392830432 1.7572863840113926 1.2808737384634967 -3.005450325483952 0.37530021108370243 10.097120140417251 0.7608600976629956 2.321069085693997 8.620783199224449e-07 -100309.88342694311 -1.3432946651776931 -100316.52503897484 6.641611614162684 4 -100316.52503897484 98741.64299436634 
135 -21.84972643477391 2.690591483084245 26.404806933985313 0.29600289131870133 505.589149539541 -2.736662994348195 0.20879940948550185 1.225113290556219 1.3238739772640373 0.14191081452345844 0.04207020939866199 0.012096442769082442 20000.0 5689.295619726044 3.0436233070723935 0.7410615556093394 -2.753733801387568 0.2154887297470474 9.447117134039631 1.2241492913172785 1.4558394406934867 4.4648032320419165e-05 -100060.00462815356 -1.3532449960308612 -100066.65619051614 6.651562790226308 10 -100066.65619051614 98523.92609285565 
136 11.293929852075848 6.180268342986681 33.933691592030854 0.31225513116009834 370.6405388803523 -3.1901258896120432 0.11091721580401698 1.2338281533501798 1.9647391072781566 -0.13858596346050558 0.05896864695901213 -0.006068997284759067 20000.0 9541.0419813956 4.501035518635663 0.01396172955909946 -3.3275721136525354 0.13891515893366568 9.220690505758066 1.2335264081005244 0.8997890133560046 0.0005719828624854037 -99279.12365281516 -1.3631953268840293 -99285.7851655086 6.661512510720058 3 -99285.7851655086 98274.04729406608 
137 -5.552925631172219 5.857870609484179 25.161332544743797 0.35583468699119525 729.4971900495998 -3.1848037530644646 -0.09471085558355696 1.2154621934787824 0.9659464610581965 0.08675238356914833 0.01530072432160616 -0.018302850373183344 20000.0 5236.031367135928 2.1104344682467033 1.2037062752368834 -3.17933858902426 -0.08838509512910767 9.485856654801793 1.2023199195064556 2.236903835907867 3.124172320924828e-06 -98982.53724664456 -1.3731456577371974 -98989.20870966883 6.671463677223073 6 -98989.20870966883 97493.16631872769 
138 14.612886788326904 7.371983346388426 30.83243605458003 0.4916282880940094 758.9705330504372 -3.665447855663984 -0.13113444452750322 0.8643528844030366 0.9188551158631779 0.1888693627864101 0.012720132347599708 -0.022816533669025328 20000.0 5032.748134018428 1.7576252011183522 1.3025843641590718 -3.6832432637379173 -0.12403991178862314 9.966454367425905 0.8415166961016266 2.3658718413821216 8.656643957346219e-07 -98955.5609901742 -1.3830959885903655 -98962.24240352934 6.681413019861793 3 -98962.24240352934 97196.57991255708 
139 13.588574374067747 2.890906034796262 44.10955933818958 0.2477854612801545 470.87380813156255 -2.7341220503491255 -0.17819607566529205 0.9887971147198641 1.5336496056278721 0.16126930716250332 -0.002653137979012732 0.014328800192530723 20000.0 6619.009858684806 3.5494378499170427 0.44152936590620695 -3.0985452320734916 -0.09880399498036085 9.747444797863682 0.9878838114299803 1.1197131707017143 3.725931906550006e-05 -98306.95370786956 -1.3930463194435336 -98313.64507155555 6.691363132253173 6 -98313.64507155555 97169.60365608672 
140 -21.896910264757008 5.608339489424891 17.212198800141536 0.37304338082309396 404.5068155251642 -1.497368818603214 0.041931785377712055 0.7828506572559255 1.1028806464191148 -0.08269736733328323 0.0030268608907290107 -0.01010320806253311 20000.0 6457.189908597362 4.387544661798879 -0.028178563318629862 -1.7358497191980082 0.09301066674926754 9.984349870985277 0.7825292710113118 0.1372994379458347 0.0005092944988147324 -97761.00683096884 -1.4029966502967017 -97767.70814498568 6.701314290956361 4 -97767.70814498568 96520.9963737821 
141 -4.7861928221610235 8.879814328117039 29.469607433084427 0.08291494615283362 423.626647264585 -2.438882641236854 0.202134145212087 0.7637990253629263 1.339520477225842 -0.1103040983783006 0.05645652142937038 -0.02714841186381005 20000.0 6680.975126408404 4.257692930772535 0.03136420815374982 -2.6219343115818883 0.25156020170695786 10.077017224581718 0.7633338407535544 0.31557016283214523 0.00038672249655706005 -97574.43103763556 -1.4129469811498698 -97581.14230198326 6.711264024619595 1 -97581.14230198326 95975.04949688136 
142 18.902876930547542 7.941720669601954 32.11252860732773 0.17840367462928658 418.9661032665747 -0.15134323023898855 0.3266519596956164 0.9116947538170801 0.5997332467119489 0.15981157805859042 -0.00411167312370489 0.021465413671628512 20000.0 5513.949996892161 4.30507678598773 0.052872655518634404 -0.2622664210838944 0.34862600595147974 10.07195262064522 0.9113605297388674 0.02507893173096061 0.0005843817547167098 -95893.1665512005 -1.422897312003038 -95899.88776587904 6.721215170051437 8 -95899.88776587904 95788.4737035481 
143 -5.34034592015928 1.42202610440616 11.754256442373714 0.47378849545754675 493.5405132396025 -2.6708957012921344 0.395895307245328 0.8182759362102321 1.701620832113413 0.17780081389855318 0.04053985263516982 0.028231864973671125 20000.0 5408.433337867424 3.0273562090387 0.6615968732333916 -2.6959171367958104 0.40447668169132295 10.035339598296837 0.8170767221531571 1.2089619981250133 3.6743182446017296e-05 -95662.73163849014 -1.432847642856206 -95669.46280349954 6.7311649147595745 4 -95669.46280349954 94107.20921711302 
144 -23.040073203465578 6.719294414923027 35.547927590495 0.24402955369535845 497.3553228962364 -1.0230376512532549 0.5755049933745551 1.2292426650738901 1.4083496811813907 0.076060122719531 -0.0016707124976213378 -0.0016556480846915966 20000.0 4978.148816454473 3.0661770161866095 0.7311430989903336 -1.0180188371758976 0.5819046183130469 9.534417678420354 1.228158676936622 1.2040400260250586 0.00011677113737052011 -95537.69651160728 -1.4427979737093741 -95544.43762694755 6.741114661592292 1 -95544.43762694755 93876.77430440266 
145 11.765214939484927 4.571762597394514 21.899568271415788 0.12832907301446095 621.2868248156282 -1.6748256560101757 0.5417738838466908 1.1674764284014614 1.9948023148917748 0.03513544135628305 -0.0052972256069352824 0.029226830319238888 20000.0 4928.688662032175 2.0916666413466953 1.2024364408524535 -1.6665302581355865 0.5481348042851918 9.548770568158812 1.144770405091868 2.129280749925812 1.0408121236647139e-06 -95492.09028805394 -1.4527483045625422 -95498.84135372505 6.7510657984239515 2 -95498.84135372505 93751.73917751982 
146 -13.132094807648148 4.433892239393486 36.80119454733647 0.40222594730296396 385.66356341797524 -0.5513834897758487 -0.09827166839631821 1.0463576187415589 1.1080487221865312 0.07667846234723158 -0.04931021836046465 -0.021808485859208922 20000.0 6727.334896531027 4.274361107503457 0.09152097563015284 -0.8023668973870464 -0.05540075431980415 9.56617121616212 1.0460395867013816 0.4478964704866923 0.000520884147184918 -94483.34864006234 -1.4626986354157103 -94490.1096560643 6.761015550146112 2 -94490.1096560643 93706.13295396646 
147 -4.711590413776939 6.8604509512094065 18.88365701344983 0.14143968899001458 482.62759638278925 -1.7528059988981068 -0.039054294928772826 1.1220549541875906 0.789264995020597 0.00047670166656152424 0.06582852552040938 0.005553247744891895 20000.0 6191.13066082693 3.4050873971597575 0.5411866871164771 -1.9493437576758441 -0.0004104562094039664 9.567490351014841 1.12118595627212 1.202935580068604 4.840562957357955e-05 -94015.79159175351 -1.4726489662688784 -94022.56255808633 6.770966676514945 1 -94022.56255808633 92697.39130597487 
148 1.0987325204946288 1.8381397430418456 25.88396082044365 0.13197691693928326 614.0760537273014 -3.532536306898609 0.2911683911477977 1.0972326331412452 1.268290040764816 -0.15032738150575636 -0.01051619126363322 0.020714080754797887 20000.0 5170.317921125558 2.0823399917726304 1.194960229041573 -3.531542221817572 0.29726662147895194 9.617103061532566 1.0823647813345294 2.197471779329631 7.80888250529032e-08 -93680.1510404099 -1.4825992971220465 -93686.93195707357 6.780916433272068 9 -93686.93195707357 92229.83425766604 
149 14.283563866151049 8.886970913962337 34.02901997239048 0.07641691387612998 695.0197510799933 -2.68551929366066 0.17316483995680276 1.0845840644133022 1.9670158517779464 -0.12733204320681324 0.009383577300347404 0.026846321445495445 20000.0 6039.42829213132 2.5460224804864615 0.959648226789107 -2.683348745587462 0.1794600133211103 9.639729489524932 1.0654654646030461 1.9967620971944917 6.156990890017269e-06 -93316.21075553636 -1.4925496279752146 -93323.00162253088 6.790867552306736 5 -93323.00162253088 91894.19370632243 
150 -14.164235228791227 6.075209640917691 21.21572474010953 0.45283134021166915 725.0100292808074 -1.8907770222125415 0.4469561510527433 1.152378378695905 1.8344972746458352 0.003139183779090171 -0.04309337248606002 0.018420267072242633 20000.0 4987.934472425906 1.9378404217413068 1.276413411466198 -1.8832802587537103 0.45328175695315176 9.56520048169281 1.1292290654931485 2.2979921077208645 1.5633229745543367e-06 -91329.15028547053 -1.5024999588283827 -91335.95110279591 6.8008173128037015 1 -91335.95110279591 91530.25342144888 
151 2.2862449779258682 3.535590995220118 18.890412976278785 0.4907529692396444 452.58012143145936 -0.7709025038123967 0.5212193309352224 1.1564722345078349 0.6521651418121042 0.1635173261253598 0.04518044320090847 0.01512070723287752 20000.0 6351.503567713246 3.873238510997762 0.3137365523992877 -0.9055102962625154 0.54528298523007 9.628073557549122 1.1557585244677702 0.7924616173855374 0.00021377340540269574 -89808.95881975396 -1.5124502896815508 -89815.76958741019 6.8107670946919825 7 -89815.76958741019 89543.19295138305 
152 5.0322001709736774 4.905867640799579 23.698333968003723 0.26448097238615303 449.85170671342485 -1.4117393946882504 0.5095354221312143 0.7920483050181665 0.8316896321467337 0.04988205552047392 0.041106493993478266 -0.014229035381463077 20000.0 6127.001016051374 4.022385341263005 0.1569005608771598 -1.6443988628024861 0.5564125418298239 10.110833054727467 0.7914369961908729 0.41627525825618006 0.0001797092269639922 -89577.79734499214 -1.522400620534719 -89584.61806297922 6.82071818280383 4 -89584.61806297922 88023.0014856665 
153 11.517969705775528 3.5550849615165028 17.214214345880908 0.30733568003624545 730.3145013118444 -3.195241905316828 0.301916606420841 1.1537920600578213 1.9328196021424922 0.03873807301698451 0.019424452070994122 0.018188741363902354 20000.0 4784.5229484042875 1.694868725556055 1.3974165932085618 -3.1729482649295 0.33404770504777176 9.55777265321898 1.1269942796566506 2.467670081374833 2.200227406154558e-06 -86320.92239598552 -1.532350951387887 -86327.75306430346 6.830667978691054 7 -86327.75306430346 87791.84001090466 
154 8.070335173792984 8.27151778906529 20.491176653071392 0.24207846694030005 631.9524336163179 -1.7344914303231231 -0.0468204862443411 1.1163225150075144 1.6800705876778341 -0.036698060892692036 0.07126331843091147 0.001122598303990932 20000.0 5551.227750777062 2.4929716496766354 0.9925421421842364 -1.7284052820426405 -0.04057079373124581 9.595835340966207 1.097066973366339 1.916122793625597 9.164547481219984e-08 -85602.40642593196 -1.5423012822410551 -85609.24704458074 6.840619034555857 14 -85609.24704458074 84534.96506189805 
155 17.556642982740314 1.0536701729658637 19.449644248769903 0.35450801414146055 497.79522240839646 -3.706846144407572 0.23513769890408281 1.1672610981365785 1.8752499659973216 0.17238896203372323 -0.07255111300933381 0.027798028007235645 20000.0 6149.813799213386 3.14919549615327 0.6777011831347334 -3.895829383449802 0.2729781205281935 9.518667967196606 1.166267172837172 1.4643325599141055 1.9952971018518665e-05 -84931.13249215118 -1.5522516130942232 -84937.98306113083 6.850568843117799 12 -84937.98306113083 83816.44909184448 
156 -7.115743159103776 2.9483077551748096 26.093437308300267 0.32962641069248744 391.2613524610765 -3.8664414003829517 0.5992168505662379 0.882526849007929 1.1203501003801044 -0.14361068485859424 0.045855949333100804 -0.023450960498057442 20000.0 7146.134806833158 4.387178152775085 -0.0019424709238300866 -4.323148463628087 0.7189648827137174 9.762268423389871 0.8821941301394034 0.36588220366801516 0.000630793287505248 -83949.65212244907 -1.5622019439473913 -83956.51264175956 6.860519883790403 10 -83956.51264175956 83145.1751580637 
157 6.242694838579549 5.103678243247511 25.88118548848681 0.05770188288062161 504.853042227926 -0.3027982391914401 -0.0658994059616739 1.0958344619938873 0.5708610936820973 0.2043755120753048 -0.008641366684820115 -0.00814159382270735 20000.0 4956.057016418926 2.860630743339061 0.8085572192518771 -0.2968034341728472 -0.059671294121723256 9.786866197636446 1.0945886252764128 1.3511419417040968 4.788125574111889e-05 -83022.93486472404 -1.5721522748005594 -83029.80533436539 6.870469700632384 24 -83029.80533436539 82163.6947883616 
158 18.678689309820093 3.4172585185849194 25.53332824167407 0.28322114216181776 665.6080513974439 -2.54306737719312 0.2336133864681318 1.0534651524989078 1.7885272836545758 0.10061156099160329 0.06304916751400888 0.019612205307102705 20000.0 6668.997356759451 2.773370756957652 0.8393323271744847 -2.5413951500520713 0.23985155419603205 9.678387496512496 1.0331909396777164 1.9283891625923044 2.9709579638218357e-05 -82865.68845512909 -1.5821026056537275 -82872.5688751013 6.88041952464846 11 -82872.5688751013 81236.97753063656 
159 -18.850874009297158 2.935799387301792 11.795506508972242 0.16361333355218793 663.3909973912564 -2.7860385783920862 0.5709844867949574 0.970642199353823 0.6965531415634649 0.21810426071844102 -0.021903967652831723 0.010366020451767557 20000.0 6780.483954909588 2.837719875721744 0.7883082465147989 -2.7884928142658043 0.5771484581674646 9.79398317675805 0.9475530818989162 1.855141590545881 3.4889663040540065e-05 -82610.78725735673 -1.5920529365068956 -82617.67762765978 6.8903705538396025 5 -82617.67762765978 81079.73112104162 
160 17.622160516840054 1.4547469316088002 33.521583585854714 0.44416225350002575 443.0481945838842 -0.857954558603963 0.5468567445779708 1.2148277096874156 1.2591780264766816 -0.06285500602024771 0.04298659562461257 -0.008846880723054736 20000.0 6789.665062307922 3.9462576401266203 0.2879207045141377 -1.0501628157126937 0.5794478954401694 9.516148782356847 1.2141873218935317 0.8567171394722797 0.00041595759755644904 -81469.04255160512 -1.6020032673600637 -81475.94287223903 6.9003203831089195 7 -81475.94287223903 80824.82992326925 
161 -2.0661462242241235 9.236215192578879 34.09685615274846 0.26509696183481346 492.8235649497811 -0.2601486568546414 -0.06788196954218942 0.9763759743875196 1.2181291820910898 0.04589458665196172 -0.040301239476329284 -0.029810541279412132 20000.0 5006.210441541718 3.1524914662936707 0.6381747821823127 -0.26070055245331253 -0.06183561807378478 9.974594138692257 0.9753899308670599 1.0278682982608467 5.9731679385833935e-05 -81438.28848016869 -1.6119535982132318 -81445.19875113344 6.910271393920993 8 -81445.19875113344 79683.08521751766 
162 -7.1443444268021565 4.647320561965667 34.41973836750239 0.14016515521702422 468.6496907877354 -0.9028261837274218 0.16828641319612186 0.9601241344331828 1.0984001047017427 0.22455870599858135 -0.0012558928628399885 0.006542118362713838 20000.0 5619.1751670894955 3.6628926812721585 0.379455118567644 -0.9425575480042048 0.179769670635603 9.865141256581298 0.9593028757850623 0.7110828466688153 0.00011765448141642477 -80606.65752485496 -1.6219039290664 -80613.57774615058 6.920221234628116 18 -80613.57774615058 79652.33114608121 
163 10.955420435676537 2.0186000257492753 34.35284562427498 0.04481938918820022 463.8717608995363 -1.813544033735321 0.22690620873113654 0.8426016982071445 1.7785728366698814 -0.05850651545698568 -0.0445911770055222 -0.014973829373666387 20000.0 6114.061023549617 3.7116232583581814 0.3256894855388314 -1.8760770395756379 0.24522832023084762 9.988875766794411 0.8418062353893293 0.7501803743382502 8.397393782811754e-05 -79998.07681083475 -1.631854259919568 -80005.00698246123 6.9301710768195335 8 -80005.00698246123 78820.70019076749 
164 -0.16766216995083738 1.4620910430934153 25.966460421027048 0.1698617318533462 648.6793505018613 -1.723468999312153 0.09901378412665152 0.8242265008381897 0.6506377955079379 0.14517336494696625 -0.04798487403222164 0.005450456202488074 20000.0 5730.891547148586 2.5497751522408114 0.8933931321919417 -1.7360592041630645 0.10612604941662085 10.042430161471442 0.7923281537025395 1.7731573508230913 1.2119005860603198e-10 -79266.46953461047 -1.641804590772736 -79273.40965656779 6.9401220814324915 9 -79273.40965656779 78212.11947674729 
165 20.075971535130947 3.216879626976661 17.807496095756687 0.38945974740206235 643.670548992483 -2.164499251820989 0.18673129638945235 0.9196570202166925 1.7157526121261277 0.02117880912673567 -0.03878220753911469 0.012167352630722071 20000.0 5824.390943728635 2.571408183436417 0.9089373145542275 -2.168921369349978 0.19294346922800043 9.872331905650672 0.8944677460237276 1.8323590278831678 1.2515582785271995e-09 -79252.4071349286 -1.6517549216259042 -79259.35720643554 6.950048466824228 12 -79259.3572056465 77480.512200523 
